nts-----
0.20963406562805
0.16366505622864
0.037714958190918
0.026045083999634
0.10278105735779
nts_without_echo-----
4.6968460083008E-5
4.6968460083008E-5
4.6968460083008E-5
6.103515625E-5
4.6968460083008E-5
0.20963406562805
0.16366505622864
0.037714958190918
0.026045083999634
0.10278105735779
nts_without_array-----
0.12060904502869
0.11696696281433
0.0090980529785156
0.15783786773682
0.10543704032898
0.20963406562805
0.16366505622864
0.037714958190918
0.026045083999634
0.10278105735779
zts2-----
0.020977020263672
0.10843896865845
0.0098769664764404
0.050251007080078
0.0091321468353271
0.073675155639648
0.057521104812622
0.065330982208252
0.0094659328460693
0.063126087188721
zts2_without_echo-----
2.5033950805664E-5
2.6941299438477E-5
3.3855438232422E-5
2.598762512207E-5
5.6982040405273E-5
5.1021575927734E-5
2.7894973754883E-5
2.5033950805664E-5
3.6001205444336E-5
6.9856643676758E-5
0.020977020263672
0.10843896865845
0.0098769664764404
0.050251007080078
0.0091321468353271
0.073675155639648
0.057521104812622
0.065330982208252
0.0094659328460693
0.063126087188721
zts2_without_array-----
0.010340213775635
0.061468839645386
0.0089199542999268
0.0036330223083496
0.040490865707397
0.010488033294678
0.045336961746216
0.021481990814209
0.010400772094727
0.0075540542602539
0.020977020263672
0.10843896865845
0.0098769664764404
0.050251007080078
0.0091321468353271
0.073675155639648
0.057521104812622
0.065330982208252
0.0094659328460693
0.063126087188721
zts3-----
0.0049610137939453
0.0074138641357422
0.0026340484619141
0.0021889209747314
0.011920213699341
0.048594951629639
0.0032820701599121
0.0027658939361572
0.0023949146270752
0.030447006225586
0.036584138870239
0.019231081008911
0.0328049659729
0.043053865432739
0.021700859069824
zts4-----
0.039215087890625
0.0052738189697266
0.044888973236084
0.05278205871582
0.048050165176392
0.046861886978149
0.050755023956299
0.020576000213623
0.0047061443328857
0.030780076980591
0.033905982971191
0.015197038650513
0.016868114471436
0.043107032775879
0.044461965560913
0.04610013961792
0.025911092758179
0.051558971405029
0.043076038360596
0.045273065567017
zts5-----
0.031538009643555
0.041877031326294
0.042233943939209
0.044585943222046
0.0054559707641602
0.023602962493896
0.026081085205078
0.042302846908569
0.049561023712158
0.052520990371704
0.020021915435791
0.048851013183594
0.051074981689453
0.054218053817749
0.059798955917358
0.0023298263549805
0.039335012435913
0.047387838363647
0.051253080368042
0.0087928771972656
0.015088081359863
0.028723001480103
0.03835916519165
0.056440114974976
0.058305025100708
zts6-----
0.024965047836304
0.03814697265625
0.02919602394104
0.043606996536255
0.045681953430176
0.054268836975098
0.027724981307983
0.032201051712036
0.042428016662598
0.049901008605957
0.055005073547363
0.054893016815186
0.020914077758789
0.025398015975952
0.035387992858887
0.038938999176025
0.055521011352539
0.057906150817871
0.042531967163086
0.04256010055542
0.050055980682373
0.054893016815186
0.05824089050293
0.056242942810059
0.040466070175171
0.043683767318726
0.050050020217896
0.05449104309082
0.057493925094604
0.0073409080505371
ntszts
